# Created: Wed Jun 20 15:41:35 2012
Y.a: 1.43009091997722
Y.b: 0.552513657174783
Y.n: 0.4
Z.a: 1.3017463226603
Z.b: 42.459957645674
Z.n: 2
k: 0.115349825327605
c1: 0.3
c2: 0.15
delta: 5
fit.offset: 0
fit.scale: 1
timeresolution: 0.01
