# Created: Wed Sep 14 11:37:33 2011
Y.a: 1.3357348659809
Y.b: 1.07177639282145
Y.n: 0.4
Z.a: 1.26984399447017
Z.b: 42.3815339693441
Z.n: 2
k: 0.233045285645029
c1: 0.3
c2: 0.15
delta: 5
fit.offset: 0
fit.scale: 1
timeresolution: 0.01
