# Created: Wed Jun 20 15:41:34 2012
Y.a: 1.64264384979865
Y.b: 0.480599563363895
Y.n: 0.4
Z.a: 1.26257534513589
Z.b: 41.6920726536108
Z.n: 2
k: 0.103959772917334
c1: 0.3
c2: 0.15
delta: 5
fit.offset: 0
fit.scale: 1
timeresolution: 0.01
