# Created: Wed Jun 20 15:41:34 2012
Y.a: 1.46463668469221
Y.b: 0.381105271354069
Y.n: 0.4
Z.a: 1.29623889207472
Z.b: 43.6271031709887
Z.n: 2
k: 0.0865865005898724
c1: 0.3
c2: 0.15
delta: 5
fit.offset: 0
fit.scale: 1
timeresolution: 0.01
