# Created: Wed Sep 14 11:37:34 2011
Y.a: 1.22773439440241
Y.b: 0.642118055044977
Y.n: 0.4
Z.a: 1.23987927978546
Z.b: 42.6323413728063
Z.n: 2
k: 0.146668130243889
c1: 0.3
c2: 0.15
delta: 5
fit.offset: 0
fit.scale: 1
timeresolution: 0.01
