# Created: Wed Jun 20 15:41:34 2012
Y.a: 1.39816644646224
Y.b: 0.47992231788182
Y.n: 0.4
Z.a: 1.2921726579408
Z.b: 43.4522956370423
Z.n: 2
k: 0.100972724349833
c1: 0.3
c2: 0.15
delta: 5
fit.offset: 0
fit.scale: 1
timeresolution: 0.01
