# Created: Wed Sep 14 11:37:33 2011
Y.a: 1.56340238064138
Y.b: 0.423987278858797
Y.n: 0.4
Z.a: 1.29149150471157
Z.b: 43.8587986804384
Z.n: 2
k: 0.091597641403144
c1: 0.3
c2: 0.15
delta: 5
fit.offset: 0
fit.scale: 1
timeresolution: 0.01
