# Created: Wed Sep 14 11:37:34 2011
Y.a: 1.45973528382401
Y.b: 0.482219371060672
Y.n: 0.4
Z.a: 1.30934078066992
Z.b: 43.2288281048373
Z.n: 2
k: 0.10979845372007
c1: 0.3
c2: 0.15
delta: 5
fit.offset: 0
fit.scale: 1
timeresolution: 0.01
