# Created: Wed Sep 14 11:37:33 2011
Y.a: 1.32292117946701
Y.b: 0.402029747822406
Y.n: 0.4
Z.a: 1.32070628598006
Z.b: 42.9326342798932
Z.n: 2
k: 0.0879514017138619
c1: 0.3
c2: 0.15
delta: 5
fit.offset: 0
fit.scale: 1
timeresolution: 0.01
