# Created: Wed Jun 20 15:41:34 2012
Y.a: 1.22891177536417
Y.b: 0.60369091580624
Y.n: 0.4
Z.a: 1.28862635020134
Z.b: 44.2447484826971
Z.n: 2
k: 0.141300789573356
c1: 0.3
c2: 0.15
delta: 5
fit.offset: 0
fit.scale: 1
timeresolution: 0.01
