# Created: Wed Sep 14 11:37:33 2011
Y.a: 1.53037613830034
Y.b: 0.492070869612168
Y.n: 0.4
Z.a: 1.28263678476253
Z.b: 43.0076809570921
Z.n: 2
k: 0.10599564310282
c1: 0.3
c2: 0.15
delta: 5
fit.offset: 0
fit.scale: 1
timeresolution: 0.01
