# Created: Wed Jun 20 15:41:35 2012
Y.a: 1.27933349330081
Y.b: 0.579636318653515
Y.n: 0.4
Z.a: 1.32028283780617
Z.b: 42.0566978601152
Z.n: 2
k: 0.117225371911983
c1: 0.3
c2: 0.15
delta: 5
fit.offset: 0
fit.scale: 1
timeresolution: 0.01
