# Created: Wed Sep 14 11:37:33 2011
Y.a: 1.3428743629934
Y.b: 0.83005860487639
Y.n: 0.4
Z.a: 1.36646475222774
Z.b: 41.2784026362494
Z.n: 2
k: 0.174772987928354
c1: 0.3
c2: 0.15
delta: 5
fit.offset: 0
fit.scale: 1
timeresolution: 0.01
