# Created: Wed Jun 20 15:41:34 2012
Y.a: 1.32191342473721
Y.b: 0.430321400053792
Y.n: 0.4
Z.a: 1.31829356075394
Z.b: 43.5589946766242
Z.n: 2
k: 0.101726300691406
c1: 0.3
c2: 0.15
delta: 5
fit.offset: 0
fit.scale: 1
timeresolution: 0.01
