# Created: Wed Sep 14 11:37:34 2011
Y.a: 1.31204835178192
Y.b: 0.529515606497945
Y.n: 0.4
Z.a: 1.2992057373583
Z.b: 43.5205711655064
Z.n: 2
k: 0.113654249299907
c1: 0.3
c2: 0.15
delta: 5
fit.offset: 0
fit.scale: 1
timeresolution: 0.01
