# Created: Wed Jun 20 15:41:35 2012
Y.a: 1.22151335909727
Y.b: 0.558631518472203
Y.n: 0.4
Z.a: 1.27621486992893
Z.b: 43.3921509379373
Z.n: 2
k: 0.120009891556267
c1: 0.3
c2: 0.15
delta: 5
fit.offset: 0
fit.scale: 1
timeresolution: 0.01
