# Created: Wed Sep 14 11:37:33 2011
Y.a: 1.32799247850364
Y.b: 0.461152041580423
Y.n: 0.4
Z.a: 1.29293346309901
Z.b: 43.9033681733233
Z.n: 2
k: 0.103148471795174
c1: 0.3
c2: 0.15
delta: 5
fit.offset: 0
fit.scale: 1
timeresolution: 0.01
