# Created: Wed Jun 20 15:41:34 2012
Y.a: 1.32875550889043
Y.b: 0.437977893390525
Y.n: 0.4
Z.a: 1.33507772529943
Z.b: 42.8454354828867
Z.n: 2
k: 0.0954654562295235
c1: 0.3
c2: 0.15
delta: 5
fit.offset: 0
fit.scale: 1
timeresolution: 0.01
