# Created: Wed Jun 20 15:41:33 2012
Y.a: 1.27250319037831
Y.b: 0.538602181528577
Y.n: 0.4
Z.a: 1.33479134669553
Z.b: 42.0989488069246
Z.n: 2
k: 0.125438333275577
c1: 0.3
c2: 0.15
delta: 5
fit.offset: 0
fit.scale: 1
timeresolution: 0.01
