# Created: Wed Sep 14 11:37:34 2011
Y.a: 1.43408482684076
Y.b: 0.455922137172817
Y.n: 0.4
Z.a: 1.29319408938026
Z.b: 42.1861651942648
Z.n: 2
k: 0.0983390201683761
c1: 0.3
c2: 0.15
delta: 5
fit.offset: 0
fit.scale: 1
timeresolution: 0.01
