# Created: Wed Jun 20 15:41:33 2012
Y.a: 1.36597724382691
Y.b: 0.462244591533591
Y.n: 0.4
Z.a: 1.30149934501505
Z.b: 43.0682636444597
Z.n: 2
k: 0.0957853946042248
c1: 0.3
c2: 0.15
delta: 5
fit.offset: 0
fit.scale: 1
timeresolution: 0.01
