# Created: Wed Sep 14 11:37:34 2011
Y.a: 1.30564715238518
Y.b: 0.458468681678699
Y.n: 0.4
Z.a: 1.31243162521522
Z.b: 43.5504287436942
Z.n: 2
k: 0.109526450559708
c1: 0.3
c2: 0.15
delta: 5
fit.offset: 0
fit.scale: 1
timeresolution: 0.01
