# Created: Wed Jun 20 15:41:36 2012
Y.a: 1.55328278256593
Y.b: 0.60787975009222
Y.n: 0.4
Z.a: 1.25823687625154
Z.b: 43.4763220798681
Z.n: 2
k: 0.133395659566078
c1: 0.3
c2: 0.15
delta: 5
fit.offset: 0
fit.scale: 1
timeresolution: 0.01
