# Created: Wed Sep 14 11:37:33 2011
Y.a: 1.40387651769892
Y.b: 0.852803572723211
Y.n: 0.4
Z.a: 1.27355551788642
Z.b: 42.389158626836
Z.n: 2
k: 0.18384670118122
c1: 0.3
c2: 0.15
delta: 5
fit.offset: 0
fit.scale: 1
timeresolution: 0.01
