# Created: Wed Jun 20 15:41:33 2012
Y.a: 1.36635247834036
Y.b: 0.611694567400866
Y.n: 0.4
Z.a: 1.31585632540748
Z.b: 43.9159071795388
Z.n: 2
k: 0.140216428894325
c1: 0.3
c2: 0.15
delta: 5
fit.offset: 0
fit.scale: 1
timeresolution: 0.01
