# Created: Wed Sep 14 11:37:37 2011
Y.a: 1.25020476693
Y.b: 0.495001132550533
Y.n: 0.4
Z.a: 1.29649298492978
Z.b: 42.7176899328967
Z.n: 2
k: 0.110265337022513
c1: 0.3
c2: 0.15
delta: 5
fit.offset: 0
fit.scale: 1
timeresolution: 0.01
