# Created: Wed Jun 20 15:41:33 2012
Y.a: 1.57370321015085
Y.b: 0.346491033665016
Y.n: 0.4
Z.a: 1.29758236051209
Z.b: 44.3095970138597
Z.n: 2
k: 0.0750704141985327
c1: 0.3
c2: 0.15
delta: 5
fit.offset: 0
fit.scale: 1
timeresolution: 0.01
