# Created: Wed Jun 20 15:41:37 2012
Y.a: 1.31972159406154
Y.b: 0.730562614238978
Y.n: 0.4
Z.a: 1.27225650970031
Z.b: 42.486328942383
Z.n: 2
k: 0.161885794866378
c1: 0.3
c2: 0.15
delta: 5
fit.offset: 0
fit.scale: 1
timeresolution: 0.01
