# Created: Wed Jun 20 15:41:34 2012
Y.a: 1.15303988005342
Y.b: 0.595977792486762
Y.n: 0.4
Z.a: 1.24779603526548
Z.b: 41.5867542729649
Z.n: 2
k: 0.132272842205018
c1: 0.3
c2: 0.15
delta: 5
fit.offset: 0
fit.scale: 1
timeresolution: 0.01
