# Created: Wed Jun 20 15:41:35 2012
Y.a: 1.4055766941849
Y.b: 0.486873150393234
Y.n: 0.4
Z.a: 1.27811955465204
Z.b: 42.3487273869361
Z.n: 2
k: 0.109330014930174
c1: 0.3
c2: 0.15
delta: 5
fit.offset: 0
fit.scale: 1
timeresolution: 0.01
