# Created: Wed Jun 20 15:41:34 2012
Y.a: 1.38682597921782
Y.b: 0.614900936235165
Y.n: 0.4
Z.a: 1.26314171051501
Z.b: 42.2466599843282
Z.n: 2
k: 0.135322714884478
c1: 0.3
c2: 0.15
delta: 5
fit.offset: 0
fit.scale: 1
timeresolution: 0.01
