# Created: Wed Jun 20 15:41:35 2012
Y.a: 1.08414228581719
Y.b: 0.584892486748447
Y.n: 0.4
Z.a: 1.30671113867367
Z.b: 44.2534613967514
Z.n: 2
k: 0.13480178435766
c1: 0.3
c2: 0.15
delta: 5
fit.offset: 0
fit.scale: 1
timeresolution: 0.01
