# Created: Wed Jun 20 15:41:33 2012
Y.a: 1.39318595778951
Y.b: 0.657951317283943
Y.n: 0.4
Z.a: 1.27837953233307
Z.b: 42.8124536349814
Z.n: 2
k: 0.137686189579351
c1: 0.3
c2: 0.15
delta: 5
fit.offset: 0
fit.scale: 1
timeresolution: 0.01
