# Created: Wed Sep 14 11:37:33 2011
Y.a: 1.19077181390015
Y.b: 0.637098772218517
Y.n: 0.4
Z.a: 1.28910087944277
Z.b: 41.983557973604
Z.n: 2
k: 0.136839788293883
c1: 0.3
c2: 0.15
delta: 5
fit.offset: 0
fit.scale: 1
timeresolution: 0.01
