# Created: Wed Sep 14 11:37:33 2011
Y.a: 1.25625812922795
Y.b: 0.561431805305597
Y.n: 0.4
Z.a: 1.30659718449254
Z.b: 43.860288083095
Z.n: 2
k: 0.128883357613782
c1: 0.3
c2: 0.15
delta: 5
fit.offset: 0
fit.scale: 1
timeresolution: 0.01
