# Created: Wed Sep 14 11:37:33 2011
Y.a: 1.20093134996272
Y.b: 0.691083646098634
Y.n: 0.4
Z.a: 1.28607868043837
Z.b: 43.3768422021672
Z.n: 2
k: 0.151658890581183
c1: 0.3
c2: 0.15
delta: 5
fit.offset: 0
fit.scale: 1
timeresolution: 0.01
