# Created: Wed Sep 14 11:37:34 2011
Y.a: 0.796181912651169
Y.b: 0.843815451106777
Y.n: 0.4
Z.a: 1.28922574207865
Z.b: 44.527843799175
Z.n: 2
k: 0.210926428856283
c1: 0.3
c2: 0.15
delta: 5
fit.offset: 0
fit.scale: 1
timeresolution: 0.01
