# Created: Wed Jun 20 15:41:33 2012
Y.a: 1.32292117946701
Y.b: 0.651223325294955
Y.n: 0.4
Z.a: 1.31608287095835
Z.b: 42.6769819009352
Z.n: 2
k: 0.136259670568381
c1: 0.3
c2: 0.15
delta: 5
fit.offset: 0
fit.scale: 1
timeresolution: 0.01
