# Created: Wed Sep 14 11:37:33 2011
Y.a: 1.32292117946701
Y.b: 0.492018516083788
Y.n: 0.4
Z.a: 1.32331207786314
Z.b: 42.3057282951897
Z.n: 2
k: 0.110151753985181
c1: 0.3
c2: 0.15
delta: 5
fit.offset: 0
fit.scale: 1
timeresolution: 0.01
