# Created: Wed Sep 14 11:37:34 2011
Y.a: 1.22392962625521
Y.b: 0.49482562574689
Y.n: 0.4
Z.a: 1.26460898724998
Z.b: 42.7555998309875
Z.n: 2
k: 0.119387534468583
c1: 0.3
c2: 0.15
delta: 5
fit.offset: 0
fit.scale: 1
timeresolution: 0.01
