# Created: Wed Sep 14 11:37:33 2011
Y.a: 1.3951010791956
Y.b: 0.464375694648195
Y.n: 0.4
Z.a: 1.29112798057063
Z.b: 43.6057434101237
Z.n: 2
k: 0.0985567772110658
c1: 0.3
c2: 0.15
delta: 5
fit.offset: 0
fit.scale: 1
timeresolution: 0.01
