# Created: Wed Jun 20 15:41:33 2012
Y.a: 1.27421874963388
Y.b: 0.625967389460772
Y.n: 0.4
Z.a: 1.2940568581982
Z.b: 43.0221790524509
Z.n: 2
k: 0.141257401199106
c1: 0.3
c2: 0.15
delta: 5
fit.offset: 0
fit.scale: 1
timeresolution: 0.01
