# Created: Wed Jun 20 15:41:33 2012
Y.a: 1.43655672169737
Y.b: 0.771309756221354
Y.n: 0.4
Z.a: 1.25409635192576
Z.b: 42.3629876655599
Z.n: 2
k: 0.177197947598474
c1: 0.3
c2: 0.15
delta: 5
fit.offset: 0
fit.scale: 1
timeresolution: 0.01
