# Created: Wed Jun 20 15:41:35 2012
Y.a: 1.41684901081494
Y.b: 0.463893176350932
Y.n: 0.4
Z.a: 1.31360194234337
Z.b: 42.0956628918064
Z.n: 2
k: 0.106477781712416
c1: 0.3
c2: 0.15
delta: 5
fit.offset: 0
fit.scale: 1
timeresolution: 0.01
