# Created: Wed Sep 14 11:37:33 2011
Y.a: 1.32292117946701
Y.b: 0.449735054396691
Y.n: 0.4
Z.a: 1.24504229905422
Z.b: 41.2790038980577
Z.n: 2
k: 0.101273700550872
c1: 0.3
c2: 0.15
delta: 5
fit.offset: 0
fit.scale: 1
timeresolution: 0.01
