# Created: Wed Sep 14 11:37:33 2011
Y.a: 1.92290959516216
Y.b: 0.360170552014051
Y.n: 0.4
Z.a: 1.26519625957531
Z.b: 43.0793764870015
Z.n: 2
k: 0.0718575219832834
c1: 0.3
c2: 0.15
delta: 5
fit.offset: 0
fit.scale: 1
timeresolution: 0.01
