# Created: Wed Jun 20 15:41:34 2012
Y.a: 1.05434670748171
Y.b: 0.710161380584432
Y.n: 0.4
Z.a: 1.31624967249158
Z.b: 43.3355103057604
Z.n: 2
k: 0.166882102439062
c1: 0.3
c2: 0.15
delta: 5
fit.offset: 0
fit.scale: 1
timeresolution: 0.01
