# Created: Wed Jun 20 15:41:34 2012
Y.a: 1.32292117946701
Y.b: 0.437610709836196
Y.n: 0.4
Z.a: 1.30162455562168
Z.b: 42.3800653567223
Z.n: 2
k: 0.0970071682385887
c1: 0.3
c2: 0.15
delta: 5
fit.offset: 0
fit.scale: 1
timeresolution: 0.01
