# Created: Wed Jun 20 15:41:34 2012
Y.a: 1.58171977746726
Y.b: 0.542937083442131
Y.n: 0.4
Z.a: 1.29712281085825
Z.b: 42.2608123127604
Z.n: 2
k: 0.118225641015023
c1: 0.3
c2: 0.15
delta: 5
fit.offset: 0
fit.scale: 1
timeresolution: 0.01
