# Created: Wed Sep 14 11:37:34 2011
Y.a: 1.54643657336143
Y.b: 0.456109403575697
Y.n: 0.4
Z.a: 1.26768349551702
Z.b: 43.6354408648471
Z.n: 2
k: 0.101470285411168
c1: 0.3
c2: 0.15
delta: 5
fit.offset: 0
fit.scale: 1
timeresolution: 0.01
