# Created: Wed Sep 14 11:37:33 2011
Y.a: 0.870648446458015
Y.b: 0.845867956824408
Y.n: 0.4
Z.a: 1.22642526360298
Z.b: 42.5751237985375
Z.n: 2
k: 0.193650040298545
c1: 0.3
c2: 0.15
delta: 5
fit.offset: 0
fit.scale: 1
timeresolution: 0.01
