# Created: Wed Jun 20 15:41:34 2012
Y.a: 1.29533764664723
Y.b: 0.639392423202
Y.n: 0.4
Z.a: 1.24897756855767
Z.b: 43.7030041461414
Z.n: 2
k: 0.149363566972198
c1: 0.3
c2: 0.15
delta: 5
fit.offset: 0
fit.scale: 1
timeresolution: 0.01
