# Created: Wed Sep 14 11:37:33 2011
Y.a: 1.25929402758398
Y.b: 0.863943307965158
Y.n: 0.4
Z.a: 1.30592170504919
Z.b: 41.8574468440302
Z.n: 2
k: 0.19090604255846
c1: 0.3
c2: 0.15
delta: 5
fit.offset: 0
fit.scale: 1
timeresolution: 0.01
