# Created: Wed Sep 14 11:37:33 2011
Y.a: 1.11789614288856
Y.b: 0.609018258097512
Y.n: 0.4
Z.a: 1.24735029797281
Z.b: 41.5351004494445
Z.n: 2
k: 0.150703489180862
c1: 0.3
c2: 0.15
delta: 5
fit.offset: 0
fit.scale: 1
timeresolution: 0.01
