# Created: Wed Sep 14 11:37:33 2011
Y.a: 1.30547369026284
Y.b: 0.520955837421663
Y.n: 0.4
Z.a: 1.21189545293485
Z.b: 42.9610751536312
Z.n: 2
k: 0.116974796396332
c1: 0.3
c2: 0.15
delta: 5
fit.offset: 0
fit.scale: 1
timeresolution: 0.01
