# Created: Wed Jun 20 15:41:34 2012
Y.a: 1.27812005434056
Y.b: 0.399330846676136
Y.n: 0.4
Z.a: 1.29842626831282
Z.b: 44.1964198582939
Z.n: 2
k: 0.0916274963572762
c1: 0.3
c2: 0.15
delta: 5
fit.offset: 0
fit.scale: 1
timeresolution: 0.01
