# Created: Wed Sep 14 11:37:33 2011
Y.a: 1.37233634154074
Y.b: 0.523373434235743
Y.n: 0.4
Z.a: 1.23568844388848
Z.b: 42.6436232181443
Z.n: 2
k: 0.127096931011361
c1: 0.3
c2: 0.15
delta: 5
fit.offset: 0
fit.scale: 1
timeresolution: 0.01
