# Created: Wed Sep 14 11:37:34 2011
Y.a: 1.46501295542895
Y.b: 0.390983178936341
Y.n: 0.4
Z.a: 1.31028384556436
Z.b: 43.8437487396757
Z.n: 2
k: 0.0824086998794865
c1: 0.3
c2: 0.15
delta: 5
fit.offset: 0
fit.scale: 1
timeresolution: 0.01
