# Created: Wed Jun 20 15:41:34 2012
Y.a: 1.35762217334387
Y.b: 0.579402913758871
Y.n: 0.4
Z.a: 1.27565532703091
Z.b: 42.5372181488944
Z.n: 2
k: 0.121980536037758
c1: 0.3
c2: 0.15
delta: 5
fit.offset: 0
fit.scale: 1
timeresolution: 0.01
