# Created: Wed Jun 20 15:41:34 2012
Y.a: 1.1561185058181
Y.b: 0.532787254360656
Y.n: 0.4
Z.a: 1.24652535651566
Z.b: 43.3877443631642
Z.n: 2
k: 0.118799803256085
c1: 0.3
c2: 0.15
delta: 5
fit.offset: 0
fit.scale: 1
timeresolution: 0.01
