# Created: Wed Jun 20 15:41:34 2012
Y.a: 1.50338079691483
Y.b: 0.505415692759178
Y.n: 0.4
Z.a: 1.24371161954399
Z.b: 42.7595377454782
Z.n: 2
k: 0.115223401796305
c1: 0.3
c2: 0.15
delta: 5
fit.offset: 0
fit.scale: 1
timeresolution: 0.01
