# Created: Wed Jun 20 15:41:33 2012
Y.a: 1.39215151429968
Y.b: 0.517875144048379
Y.n: 0.4
Z.a: 1.23004560806529
Z.b: 43.9264676939238
Z.n: 2
k: 0.119144912453721
c1: 0.3
c2: 0.15
delta: 5
fit.offset: 0
fit.scale: 1
timeresolution: 0.01
