# Created: Wed Jun 20 15:41:33 2012
Y.a: 1.32292117946701
Y.b: 0.485918036919183
Y.n: 0.4
Z.a: 1.20339632063798
Z.b: 41.3785148689832
Z.n: 2
k: 0.109419757573898
c1: 0.3
c2: 0.15
delta: 5
fit.offset: 0
fit.scale: 1
timeresolution: 0.01
