# Created: Wed Jun 20 15:41:34 2012
Y.a: 1.32292117946701
Y.b: 0.452069223959956
Y.n: 0.4
Z.a: 1.29725937592562
Z.b: 45.1973615532981
Z.n: 2
k: 0.104332918226853
c1: 0.3
c2: 0.15
delta: 5
fit.offset: 0
fit.scale: 1
timeresolution: 0.01
