# Created: Wed Sep 14 11:37:34 2011
Y.a: 1.08564745210252
Y.b: 0.623056094914073
Y.n: 0.4
Z.a: 1.29092972537393
Z.b: 41.7892216234123
Z.n: 2
k: 0.14498829466649
c1: 0.3
c2: 0.15
delta: 5
fit.offset: 0
fit.scale: 1
timeresolution: 0.01
