# Created: Wed Sep 14 11:37:33 2011
Y.a: 1.32292117946701
Y.b: 0.464367522648092
Y.n: 0.4
Z.a: 1.26020569485665
Z.b: 43.0187352332644
Z.n: 2
k: 0.107185991743382
c1: 0.3
c2: 0.15
delta: 5
fit.offset: 0
fit.scale: 1
timeresolution: 0.01
