# Created: Wed Jun 20 15:41:33 2012
Y.a: 1.32873719857374
Y.b: 0.609258750711269
Y.n: 0.4
Z.a: 1.2559899363143
Z.b: 42.2445576244438
Z.n: 2
k: 0.142179689573539
c1: 0.3
c2: 0.15
delta: 5
fit.offset: 0
fit.scale: 1
timeresolution: 0.01
