# Created: Wed Jun 20 15:41:33 2012
Y.a: 1.2685213232902
Y.b: 0.497741191778786
Y.n: 0.4
Z.a: 1.32384943227185
Z.b: 43.4342502353849
Z.n: 2
k: 0.110107250821961
c1: 0.3
c2: 0.15
delta: 5
fit.offset: 0
fit.scale: 1
timeresolution: 0.01
