# Created: Wed Sep 14 11:37:33 2011
Y.a: 1.14520474274673
Y.b: 0.519875470988271
Y.n: 0.4
Z.a: 1.2663715216798
Z.b: 43.4973663101917
Z.n: 2
k: 0.109986525388487
c1: 0.3
c2: 0.15
delta: 5
fit.offset: 0
fit.scale: 1
timeresolution: 0.01
