# Created: Wed Jun 20 15:41:33 2012
Y.a: 1.32292117946701
Y.b: 0.867963734365514
Y.n: 0.4
Z.a: 1.22882446303826
Z.b: 44.0299309040382
Z.n: 2
k: 0.208389172609549
c1: 0.3
c2: 0.15
delta: 5
fit.offset: 0
fit.scale: 1
timeresolution: 0.01
