# Created: Wed Jun 20 15:41:34 2012
Y.a: 1.250461153393
Y.b: 0.525411059583003
Y.n: 0.4
Z.a: 1.29656261618976
Z.b: 41.9750642629474
Z.n: 2
k: 0.12187637293237
c1: 0.3
c2: 0.15
delta: 5
fit.offset: 0
fit.scale: 1
timeresolution: 0.01
