# Created: Wed Sep 14 11:37:33 2011
Y.a: 1.18889582504619
Y.b: 0.411107109318771
Y.n: 0.4
Z.a: 1.32375562613017
Z.b: 43.6160088300594
Z.n: 2
k: 0.0910962105605195
c1: 0.3
c2: 0.15
delta: 5
fit.offset: 0
fit.scale: 1
timeresolution: 0.01
