# Created: Wed Sep 14 11:37:34 2011
Y.a: 0.99685364157843
Y.b: 0.801286387289214
Y.n: 0.4
Z.a: 1.30619462888287
Z.b: 43.3878358615504
Z.n: 2
k: 0.169037951367256
c1: 0.3
c2: 0.15
delta: 5
fit.offset: 0
fit.scale: 1
timeresolution: 0.01
