# Created: Wed Sep 14 11:37:33 2011
Y.a: 1.28156107862284
Y.b: 0.622757390921876
Y.n: 0.4
Z.a: 1.2267534103842
Z.b: 43.5068257206206
Z.n: 2
k: 0.135911085067378
c1: 0.3
c2: 0.15
delta: 5
fit.offset: 0
fit.scale: 1
timeresolution: 0.01
