# Created: Wed Sep 14 11:37:33 2011
Y.a: 1.28935287697191
Y.b: 0.746162017881219
Y.n: 0.4
Z.a: 1.26448362351442
Z.b: 43.0552469788756
Z.n: 2
k: 0.156919918805992
c1: 0.3
c2: 0.15
delta: 5
fit.offset: 0
fit.scale: 1
timeresolution: 0.01
