# Created: Wed Sep 14 11:37:33 2011
Y.a: 1.13689613489368
Y.b: 0.673257698466726
Y.n: 0.4
Z.a: 1.28534955630009
Z.b: 42.026749432948
Z.n: 2
k: 0.156049618337586
c1: 0.3
c2: 0.15
delta: 5
fit.offset: 0
fit.scale: 1
timeresolution: 0.01
