# Created: Wed Jun 20 15:41:35 2012
Y.a: 1.20983933791921
Y.b: 0.630915608516513
Y.n: 0.4
Z.a: 1.29640211165132
Z.b: 44.2480702526459
Z.n: 2
k: 0.136633341067879
c1: 0.3
c2: 0.15
delta: 5
fit.offset: 0
fit.scale: 1
timeresolution: 0.01
