# Created: Wed Sep 14 11:37:33 2011
Y.a: 1.24987559391458
Y.b: 0.544587902266224
Y.n: 0.4
Z.a: 1.26765692027237
Z.b: 42.8234807133166
Z.n: 2
k: 0.122732646730713
c1: 0.3
c2: 0.15
delta: 5
fit.offset: 0
fit.scale: 1
timeresolution: 0.01
