# Created: Wed Jun 20 15:41:34 2012
Y.a: 1.32292117946701
Y.b: 0.500971167454645
Y.n: 0.4
Z.a: 1.27107798029263
Z.b: 42.9941796573102
Z.n: 2
k: 0.120882388657493
c1: 0.3
c2: 0.15
delta: 5
fit.offset: 0
fit.scale: 1
timeresolution: 0.01
