# Created: Wed Sep 14 11:37:33 2011
Y.a: 1.29116612189771
Y.b: 0.511799338180307
Y.n: 0.4
Z.a: 1.25843662061908
Z.b: 42.4461130218594
Z.n: 2
k: 0.112063471801481
c1: 0.3
c2: 0.15
delta: 5
fit.offset: 0
fit.scale: 1
timeresolution: 0.01
