# Created: Wed Jun 20 15:41:33 2012
Y.a: 1.52179872340618
Y.b: 0.640105209686038
Y.n: 0.4
Z.a: 1.28896894269015
Z.b: 43.0391711575194
Z.n: 2
k: 0.140129639966475
c1: 0.3
c2: 0.15
delta: 5
fit.offset: 0
fit.scale: 1
timeresolution: 0.01
