# Created: Wed Jun 20 15:41:33 2012
Y.a: 1.26411490820649
Y.b: 0.480609530080718
Y.n: 0.4
Z.a: 1.28375666024225
Z.b: 43.4146490159747
Z.n: 2
k: 0.111539497290109
c1: 0.3
c2: 0.15
delta: 5
fit.offset: 0
fit.scale: 1
timeresolution: 0.01
