# Created: Wed Sep 14 11:37:33 2011
Y.a: 1.32292117946701
Y.b: 0.651459052383731
Y.n: 0.4
Z.a: 1.25250528512622
Z.b: 43.1712321199341
Z.n: 2
k: 0.146261544949044
c1: 0.3
c2: 0.15
delta: 5
fit.offset: 0
fit.scale: 1
timeresolution: 0.01
