# Created: Wed Sep 14 11:37:33 2011
Y.a: 1.36383076979978
Y.b: 0.541912736300702
Y.n: 0.4
Z.a: 1.22967499320028
Z.b: 42.4205463261151
Z.n: 2
k: 0.125504107247915
c1: 0.3
c2: 0.15
delta: 5
fit.offset: 0
fit.scale: 1
timeresolution: 0.01
