# Created: Wed Sep 14 11:37:33 2011
Y.a: 1.37710021117985
Y.b: 0.396711617017442
Y.n: 0.4
Z.a: 1.26425406412042
Z.b: 43.7037569127132
Z.n: 2
k: 0.088887011405395
c1: 0.3
c2: 0.15
delta: 5
fit.offset: 0
fit.scale: 1
timeresolution: 0.01
