# Created: Wed Sep 14 11:37:33 2011
Y.a: 1.26865058533727
Y.b: 0.674019680702563
Y.n: 0.4
Z.a: 1.29871021059594
Z.b: 44.1610457211212
Z.n: 2
k: 0.141995543630509
c1: 0.3
c2: 0.15
delta: 5
fit.offset: 0
fit.scale: 1
timeresolution: 0.01
