# Created: Wed Jun 20 15:41:34 2012
Y.a: 1.35077202911391
Y.b: 0.36003864636741
Y.n: 0.4
Z.a: 1.39526363251075
Z.b: 42.3890116505187
Z.n: 2
k: 0.0787262123345485
c1: 0.3
c2: 0.15
delta: 5
fit.offset: 0
fit.scale: 1
timeresolution: 0.01
