# Created: Wed Jun 20 15:41:34 2012
Y.a: 1.25589989343679
Y.b: 0.619356827527223
Y.n: 0.4
Z.a: 1.26660284361804
Z.b: 41.7294033866236
Z.n: 2
k: 0.133955294371573
c1: 0.3
c2: 0.15
delta: 5
fit.offset: 0
fit.scale: 1
timeresolution: 0.01
