# Created: Wed Jun 20 15:41:33 2012
Y.a: 1.31832252390149
Y.b: 0.517604455804487
Y.n: 0.4
Z.a: 1.2417634243045
Z.b: 44.6451314720023
Z.n: 2
k: 0.110844212836125
c1: 0.3
c2: 0.15
delta: 5
fit.offset: 0
fit.scale: 1
timeresolution: 0.01
