# Created: Wed Sep 14 11:37:33 2011
Y.a: 1.34719876168857
Y.b: 0.429289313953999
Y.n: 0.4
Z.a: 1.27498701396675
Z.b: 41.9046664049649
Z.n: 2
k: 0.089122224590559
c1: 0.3
c2: 0.15
delta: 5
fit.offset: 0
fit.scale: 1
timeresolution: 0.01
