# Created: Wed Sep 14 11:37:33 2011
Y.a: 1.27374942957798
Y.b: 0.451624704167944
Y.n: 0.4
Z.a: 1.30057939000845
Z.b: 42.1296556997856
Z.n: 2
k: 0.0969551390173511
c1: 0.3
c2: 0.15
delta: 5
fit.offset: 0
fit.scale: 1
timeresolution: 0.01
