# Created: Wed Jun 20 15:41:33 2012
Y.a: 1.36716872819039
Y.b: 0.438111599953362
Y.n: 0.4
Z.a: 1.30816364919408
Z.b: 44.1437291878592
Z.n: 2
k: 0.0997789133018696
c1: 0.3
c2: 0.15
delta: 5
fit.offset: 0
fit.scale: 1
timeresolution: 0.01
