# Created: Wed Sep 14 11:37:33 2011
Y.a: 1.30831541369485
Y.b: 0.599230021578099
Y.n: 0.4
Z.a: 1.28510908153478
Z.b: 42.2131670848412
Z.n: 2
k: 0.135491233476337
c1: 0.3
c2: 0.15
delta: 5
fit.offset: 0
fit.scale: 1
timeresolution: 0.01
