# Created: Wed Sep 14 11:37:34 2011
Y.a: 1.47476214891072
Y.b: 0.419809449092611
Y.n: 0.4
Z.a: 1.41807078412798
Z.b: 41.8637248809197
Z.n: 2
k: 0.087383599079624
c1: 0.3
c2: 0.15
delta: 5
fit.offset: 0
fit.scale: 1
timeresolution: 0.01
