# Created: Wed Jun 20 15:41:34 2012
Y.a: 1.05083121963548
Y.b: 0.762180435308163
Y.n: 0.4
Z.a: 1.22927962683094
Z.b: 43.4649835787215
Z.n: 2
k: 0.168153851318811
c1: 0.3
c2: 0.15
delta: 5
fit.offset: 0
fit.scale: 1
timeresolution: 0.01
