# Created: Wed Sep 14 11:37:34 2011
Y.a: 1.48177079054371
Y.b: 0.42022401823183
Y.n: 0.4
Z.a: 1.30126837561398
Z.b: 43.6406612369615
Z.n: 2
k: 0.0891217699928606
c1: 0.3
c2: 0.15
delta: 5
fit.offset: 0
fit.scale: 1
timeresolution: 0.01
