# Created: Wed Jun 20 15:41:34 2012
Y.a: 1.26174959407294
Y.b: 0.862269471012248
Y.n: 0.4
Z.a: 1.28451473682359
Z.b: 41.9856749897203
Z.n: 2
k: 0.192638261174775
c1: 0.3
c2: 0.15
delta: 5
fit.offset: 0
fit.scale: 1
timeresolution: 0.01
