# Created: Wed Jun 20 15:41:34 2012
Y.a: 1.35660315203189
Y.b: 0.44326469426648
Y.n: 0.4
Z.a: 1.23910213688274
Z.b: 42.9920659419324
Z.n: 2
k: 0.101318284022841
c1: 0.3
c2: 0.15
delta: 5
fit.offset: 0
fit.scale: 1
timeresolution: 0.01
