# Created: Wed Sep 14 11:37:33 2011
Y.a: 1.32292117946701
Y.b: 0.668037715392422
Y.n: 0.4
Z.a: 1.30714689434758
Z.b: 42.3864082007736
Z.n: 2
k: 0.139374777017358
c1: 0.3
c2: 0.15
delta: 5
fit.offset: 0
fit.scale: 1
timeresolution: 0.01
