# Created: Wed Sep 14 11:37:33 2011
Y.a: 1.2772292041958
Y.b: 0.701226594555037
Y.n: 0.4
Z.a: 1.26742364478318
Z.b: 42.9423384868945
Z.n: 2
k: 0.159201270625733
c1: 0.3
c2: 0.15
delta: 5
fit.offset: 0
fit.scale: 1
timeresolution: 0.01
