# Created: Wed Sep 14 11:37:33 2011
Y.a: 1.18421242967466
Y.b: 0.814370281348673
Y.n: 0.4
Z.a: 1.21139856136256
Z.b: 42.9929642890326
Z.n: 2
k: 0.188835652553353
c1: 0.3
c2: 0.15
delta: 5
fit.offset: 0
fit.scale: 1
timeresolution: 0.01
