# Created: Wed Jun 20 15:41:34 2012
Y.a: 1.05967444872025
Y.b: 0.844411931878163
Y.n: 0.4
Z.a: 1.28601460794406
Z.b: 42.9998629461
Z.n: 2
k: 0.193837047473517
c1: 0.3
c2: 0.15
delta: 5
fit.offset: 0
fit.scale: 1
timeresolution: 0.01
