# Created: Wed Jun 20 15:41:35 2012
Y.a: 1.00569641753878
Y.b: 0.659113850754353
Y.n: 0.4
Z.a: 1.31077583641653
Z.b: 43.56740955812
Z.n: 2
k: 0.158563520779431
c1: 0.3
c2: 0.15
delta: 5
fit.offset: 0
fit.scale: 1
timeresolution: 0.01
