# Created: Wed Jun 20 15:41:35 2012
Y.a: 1.40033517274646
Y.b: 0.586742560621948
Y.n: 0.4
Z.a: 1.2632235133068
Z.b: 43.5574419075791
Z.n: 2
k: 0.130488651797056
c1: 0.3
c2: 0.15
delta: 5
fit.offset: 0
fit.scale: 1
timeresolution: 0.01
