# Created: Wed Sep 14 11:37:33 2011
Y.a: 1.13990749928111
Y.b: 0.518058394047715
Y.n: 0.4
Z.a: 1.24081636787024
Z.b: 44.6754871102813
Z.n: 2
k: 0.115997082891072
c1: 0.3
c2: 0.15
delta: 5
fit.offset: 0
fit.scale: 1
timeresolution: 0.01
