# Created: Wed Sep 14 11:37:33 2011
Y.a: 1.24446287211799
Y.b: 0.686837325650276
Y.n: 0.4
Z.a: 1.30485047011377
Z.b: 42.3473979840676
Z.n: 2
k: 0.161063238953021
c1: 0.3
c2: 0.15
delta: 5
fit.offset: 0
fit.scale: 1
timeresolution: 0.01
