# Created: Wed Sep 14 11:37:33 2011
Y.a: 1.20393176958874
Y.b: 0.751888010855927
Y.n: 0.4
Z.a: 1.21471306976337
Z.b: 42.8709320154947
Z.n: 2
k: 0.173477175065384
c1: 0.3
c2: 0.15
delta: 5
fit.offset: 0
fit.scale: 1
timeresolution: 0.01
