# Created: Wed Jun 20 15:41:34 2012
Y.a: 1.18799497618939
Y.b: 0.502447489564798
Y.n: 0.4
Z.a: 1.28452234111959
Z.b: 44.4135418340725
Z.n: 2
k: 0.112208555046209
c1: 0.3
c2: 0.15
delta: 5
fit.offset: 0
fit.scale: 1
timeresolution: 0.01
