# Created: Wed Sep 14 11:37:33 2011
Y.a: 1.61790557441853
Y.b: 0.599814594339285
Y.n: 0.4
Z.a: 1.31773123450868
Z.b: 44.1525352469292
Z.n: 2
k: 0.134382933483633
c1: 0.3
c2: 0.15
delta: 5
fit.offset: 0
fit.scale: 1
timeresolution: 0.01
