# Created: Wed Jun 20 15:41:35 2012
Y.a: 1.31336573190355
Y.b: 0.393031494215039
Y.n: 0.4
Z.a: 1.28343173413457
Z.b: 44.6484391577998
Z.n: 2
k: 0.0883657578996004
c1: 0.3
c2: 0.15
delta: 5
fit.offset: 0
fit.scale: 1
timeresolution: 0.01
