# Created: Wed Jun 20 15:41:34 2012
Y.a: 1.26046884824227
Y.b: 0.596222670815749
Y.n: 0.4
Z.a: 1.2741517667398
Z.b: 43.3478143297035
Z.n: 2
k: 0.12414780734491
c1: 0.3
c2: 0.15
delta: 5
fit.offset: 0
fit.scale: 1
timeresolution: 0.01
