# Created: Wed Sep 14 11:37:33 2011
Y.a: 1.45584865454872
Y.b: 0.415656132865299
Y.n: 0.4
Z.a: 1.31758051693535
Z.b: 43.1908887792662
Z.n: 2
k: 0.0879630934753169
c1: 0.3
c2: 0.15
delta: 5
fit.offset: 0
fit.scale: 1
timeresolution: 0.01
