# Created: Wed Sep 14 11:37:34 2011
Y.a: 1.40615283075067
Y.b: 0.892401597728709
Y.n: 0.4
Z.a: 1.25537552708177
Z.b: 42.7649924981555
Z.n: 2
k: 0.191948540268906
c1: 0.3
c2: 0.15
delta: 5
fit.offset: 0
fit.scale: 1
timeresolution: 0.01
