# Created: Wed Jun 20 15:41:34 2012
Y.a: 1.41517851376053
Y.b: 0.519359429750562
Y.n: 0.4
Z.a: 1.30199212178498
Z.b: 41.7480686465509
Z.n: 2
k: 0.111697126081912
c1: 0.3
c2: 0.15
delta: 5
fit.offset: 0
fit.scale: 1
timeresolution: 0.01
