# Created: Wed Jun 20 15:41:34 2012
Y.a: 1.45936346341482
Y.b: 0.375924026606219
Y.n: 0.4
Z.a: 1.26838327761741
Z.b: 44.3269820825404
Z.n: 2
k: 0.085563952962351
c1: 0.3
c2: 0.15
delta: 5
fit.offset: 0
fit.scale: 1
timeresolution: 0.01
