# Created: Wed Sep 14 11:37:34 2011
Y.a: 1.14635897253081
Y.b: 1.14476141909831
Y.n: 0.4
Z.a: 1.25746811732808
Z.b: 42.7985095606222
Z.n: 2
k: 0.271716490802515
c1: 0.3
c2: 0.15
delta: 5
fit.offset: 0
fit.scale: 1
timeresolution: 0.01
