# Created: Wed Jun 20 15:41:35 2012
Y.a: 1.39889640076813
Y.b: 0.546755078308227
Y.n: 0.4
Z.a: 1.26287354731171
Z.b: 44.9041608953795
Z.n: 2
k: 0.119367037338282
c1: 0.3
c2: 0.15
delta: 5
fit.offset: 0
fit.scale: 1
timeresolution: 0.01
