# Created: Wed Sep 14 11:37:33 2011
Y.a: 1.32292117946701
Y.b: 0.646352826827321
Y.n: 0.4
Z.a: 1.32036378142588
Z.b: 42.8796187289665
Z.n: 2
k: 0.139954831908894
c1: 0.3
c2: 0.15
delta: 5
fit.offset: 0
fit.scale: 1
timeresolution: 0.01
