# Created: Wed Sep 14 11:37:33 2011
Y.a: 1.22147301091887
Y.b: 0.517385005959463
Y.n: 0.4
Z.a: 1.24416227161794
Z.b: 44.5236659055539
Z.n: 2
k: 0.120765530533064
c1: 0.3
c2: 0.15
delta: 5
fit.offset: 0
fit.scale: 1
timeresolution: 0.01
