# Created: Wed Sep 14 11:37:33 2011
Y.a: 1.40869850738745
Y.b: 0.482396821970839
Y.n: 0.4
Z.a: 1.30178947841348
Z.b: 43.0123965169442
Z.n: 2
k: 0.102939836963499
c1: 0.3
c2: 0.15
delta: 5
fit.offset: 0
fit.scale: 1
timeresolution: 0.01
