# Created: Wed Sep 14 11:37:35 2011
Y.a: 1.66211616290807
Y.b: 0.393066234730942
Y.n: 0.4
Z.a: 1.30870161863991
Z.b: 43.7177233707169
Z.n: 2
k: 0.0827688246403243
c1: 0.3
c2: 0.15
delta: 5
fit.offset: 0
fit.scale: 1
timeresolution: 0.01
