# Created: Wed Sep 14 11:37:35 2011
Y.a: 1.56370697504484
Y.b: 0.362085755164396
Y.n: 0.4
Z.a: 1.22377939724909
Z.b: 44.8233019699266
Z.n: 2
k: 0.0796538424737449
c1: 0.3
c2: 0.15
delta: 5
fit.offset: 0
fit.scale: 1
timeresolution: 0.01
