# Created: Wed Sep 14 11:37:34 2011
Y.a: 1.31479167738499
Y.b: 1.01623717270765
Y.n: 0.4
Z.a: 1.23579080063486
Z.b: 41.427870349389
Z.n: 2
k: 0.229443948599195
c1: 0.3
c2: 0.15
delta: 5
fit.offset: 0
fit.scale: 1
timeresolution: 0.01
