# Created: Wed Sep 14 11:37:34 2011
Y.a: 1.35582197860001
Y.b: 0.488017421066593
Y.n: 0.4
Z.a: 1.26471049619843
Z.b: 44.8330527158764
Z.n: 2
k: 0.107487565612417
c1: 0.3
c2: 0.15
delta: 5
fit.offset: 0
fit.scale: 1
timeresolution: 0.01
