# Created: Wed Sep 14 11:37:33 2011
Y.a: 1.01731385213192
Y.b: 0.786179794580916
Y.n: 0.4
Z.a: 1.26114801070271
Z.b: 42.9540855503695
Z.n: 2
k: 0.177720148524561
c1: 0.3
c2: 0.15
delta: 5
fit.offset: 0
fit.scale: 1
timeresolution: 0.01
