# Created: Wed Sep 14 11:37:33 2011
Y.a: 1.32292117946701
Y.b: 0.491824580280674
Y.n: 0.4
Z.a: 1.28723556976686
Z.b: 44.327881905431
Z.n: 2
k: 0.104594748420112
c1: 0.3
c2: 0.15
delta: 5
fit.offset: 0
fit.scale: 1
timeresolution: 0.01
