# Created: Wed Jun 20 15:41:33 2012
Y.a: 1.53918879570438
Y.b: 0.371516687163308
Y.n: 0.4
Z.a: 1.30563800014147
Z.b: 42.2886177516466
Z.n: 2
k: 0.0806277685942135
c1: 0.3
c2: 0.15
delta: 5
fit.offset: 0
fit.scale: 1
timeresolution: 0.01
