# Created: Wed Sep 14 11:37:33 2011
Y.a: 1.32292117946701
Y.b: 0.53934317506014
Y.n: 0.4
Z.a: 1.30268707715465
Z.b: 41.7066703840627
Z.n: 2
k: 0.128701195724095
c1: 0.3
c2: 0.15
delta: 5
fit.offset: 0
fit.scale: 1
timeresolution: 0.01
