# Created: Wed Sep 14 11:37:33 2011
Y.a: 1.22643429200625
Y.b: 0.635780845215683
Y.n: 0.4
Z.a: 1.3239818898
Z.b: 41.9361625232599
Z.n: 2
k: 0.143583597279762
c1: 0.3
c2: 0.15
delta: 5
fit.offset: 0
fit.scale: 1
timeresolution: 0.01
