# Created: Wed Sep 14 11:37:34 2011
Y.a: 1.70612856675855
Y.b: 0.401720388578132
Y.n: 0.4
Z.a: 1.28648249827822
Z.b: 42.3758020336084
Z.n: 2
k: 0.0862655399512243
c1: 0.3
c2: 0.15
delta: 5
fit.offset: 0
fit.scale: 1
timeresolution: 0.01
