# Created: Wed Sep 14 11:37:33 2011
Y.a: 1.33875142028306
Y.b: 0.597551414339528
Y.n: 0.4
Z.a: 1.25673935037099
Z.b: 42.3497724284027
Z.n: 2
k: 0.124579037501256
c1: 0.3
c2: 0.15
delta: 5
fit.offset: 0
fit.scale: 1
timeresolution: 0.01
