# Created: Wed Jun 20 15:41:34 2012
Y.a: 1.18103920832321
Y.b: 0.839893203359039
Y.n: 0.4
Z.a: 1.20979533484625
Z.b: 41.3137285498575
Z.n: 2
k: 0.196075477701851
c1: 0.3
c2: 0.15
delta: 5
fit.offset: 0
fit.scale: 1
timeresolution: 0.01
