# Created: Wed Jun 20 15:41:33 2012
Y.a: 1.37854565109559
Y.b: 0.541920404577871
Y.n: 0.4
Z.a: 1.22434073671332
Z.b: 44.3204128466423
Z.n: 2
k: 0.114461916906388
c1: 0.3
c2: 0.15
delta: 5
fit.offset: 0
fit.scale: 1
timeresolution: 0.01
