# Created: Wed Jun 20 15:41:33 2012
Y.a: 1.25242574658634
Y.b: 0.860659694124759
Y.n: 0.4
Z.a: 1.29309972013076
Z.b: 44.078846967626
Z.n: 2
k: 0.193037212718174
c1: 0.3
c2: 0.15
delta: 5
fit.offset: 0
fit.scale: 1
timeresolution: 0.01
