# Created: Wed Sep 14 11:37:33 2011
Y.a: 1.74932227623703
Y.b: 0.423403194730654
Y.n: 0.4
Z.a: 1.30102253844726
Z.b: 42.3925274314444
Z.n: 2
k: 0.0870000411562143
c1: 0.3
c2: 0.15
delta: 5
fit.offset: 0
fit.scale: 1
timeresolution: 0.01
