# Created: Wed Sep 14 11:37:33 2011
Y.a: 1.32292117946701
Y.b: 0.828446459388811
Y.n: 0.4
Z.a: 1.20231722311625
Z.b: 41.7875682864906
Z.n: 2
k: 0.181877234740398
c1: 0.3
c2: 0.15
delta: 5
fit.offset: 0
fit.scale: 1
timeresolution: 0.01
