# Created: Wed Jun 20 15:41:34 2012
Y.a: 1.25422282437979
Y.b: 0.710291162281593
Y.n: 0.4
Z.a: 1.28681046071973
Z.b: 43.3162369958247
Z.n: 2
k: 0.155436408004384
c1: 0.3
c2: 0.15
delta: 5
fit.offset: 0
fit.scale: 1
timeresolution: 0.01
