# Created: Wed Sep 14 11:37:33 2011
Y.a: 1.32292117946701
Y.b: 0.925896572276956
Y.n: 0.4
Z.a: 1.29517788393373
Z.b: 40.5701938542966
Z.n: 2
k: 0.211095082072225
c1: 0.3
c2: 0.15
delta: 5
fit.offset: 0
fit.scale: 1
timeresolution: 0.01
