# Created: Wed Jun 20 15:41:34 2012
Y.a: 1.46577072439777
Y.b: 0.61361676900788
Y.n: 0.4
Z.a: 1.24820790250024
Z.b: 43.251756190834
Z.n: 2
k: 0.141140928480302
c1: 0.3
c2: 0.15
delta: 5
fit.offset: 0
fit.scale: 1
timeresolution: 0.01
