# Created: Wed Jun 20 15:41:33 2012
Y.a: 1.42865297465987
Y.b: 0.497370101084617
Y.n: 0.4
Z.a: 1.21106566241047
Z.b: 43.4515829253439
Z.n: 2
k: 0.106775290972922
c1: 0.3
c2: 0.15
delta: 5
fit.offset: 0
fit.scale: 1
timeresolution: 0.01
