# Created: Wed Sep 14 11:37:33 2011
Y.a: 1.23216739572821
Y.b: 0.647044879714884
Y.n: 0.4
Z.a: 1.24336010277247
Z.b: 43.550505370932
Z.n: 2
k: 0.141869714904422
c1: 0.3
c2: 0.15
delta: 5
fit.offset: 0
fit.scale: 1
timeresolution: 0.01
