# Created: Wed Sep 14 11:37:33 2011
Y.a: 1.2888182139069
Y.b: 0.548866158791466
Y.n: 0.4
Z.a: 1.23380048326888
Z.b: 43.7371383817341
Z.n: 2
k: 0.125824461277196
c1: 0.3
c2: 0.15
delta: 5
fit.offset: 0
fit.scale: 1
timeresolution: 0.01
