# Created: Wed Sep 14 11:37:33 2011
Y.a: 1.09534933214895
Y.b: 0.625999413524923
Y.n: 0.4
Z.a: 1.30159752064949
Z.b: 42.6283291645343
Z.n: 2
k: 0.145527625356491
c1: 0.3
c2: 0.15
delta: 5
fit.offset: 0
fit.scale: 1
timeresolution: 0.01
