# Created: Wed Jun 20 15:41:33 2012
Y.a: 1.01267345333207
Y.b: 0.567609564264704
Y.n: 0.4
Z.a: 1.25546719178744
Z.b: 44.7669695591013
Z.n: 2
k: 0.132652254735878
c1: 0.3
c2: 0.15
delta: 5
fit.offset: 0
fit.scale: 1
timeresolution: 0.01
