# Created: Wed Sep 14 10:59:04 2011
Y.a: 1.32292117946701
Y.b: 1.31798516515824
Y.n: 0.4
Z.a: 1.18160258920078
Z.b: 45.1212513354854
Z.n: 2
k: 0.0421947625580694
c1: 0.3
c2: 0.15
delta: 5
fit.offset: 0
fit.scale: 1
timeresolution: 0.01
