# Created: Thu Oct 20 17:39:56 2011
Y.a: 0.961076683013659
Y.b: 0.682637429881249
Y.n: 0.4
Z.a: 1.25690172047797
Z.b: 44.5054119596189
Z.n: 2
k: 0.163412763984974
c1: 0.3
c2: 0.15
delta: 5
fit.offset: 0
fit.scale: 1
timeresolution: 0.01
