# Created: Thu Oct 20 17:39:55 2011
Y.a: 1.31009338415003
Y.b: 1.31066231778635
Y.n: 0.4
Z.a: 1.18145783870981
Z.b: 45.5819761765882
Z.n: 2
k: 0.0419806449240071
c1: 0.05
c2: 0.15
delta: 5
fit.offset: 0
fit.scale: 1
timeresolution: 0.01
