# Created: Wed Jun 20 15:41:34 2012
Y.a: 1.23734216781704
Y.b: 0.648414325840502
Y.n: 0.4
Z.a: 1.27276629027982
Z.b: 44.1311889940664
Z.n: 2
k: 0.14971027306017
c1: 0.3
c2: 0.15
delta: 5
fit.offset: 0
fit.scale: 1
timeresolution: 0.01
