# Created: Wed Sep 14 11:37:33 2011
Y.a: 1.39238826486786
Y.b: 0.374324451422884
Y.n: 0.4
Z.a: 1.28426149413846
Z.b: 44.3572908966493
Z.n: 2
k: 0.0839237102188576
c1: 0.3
c2: 0.15
delta: 5
fit.offset: 0
fit.scale: 1
timeresolution: 0.01
