# Created: Wed Sep 14 11:37:33 2011
Y.a: 1.88220205588163
Y.b: 0.376020601987919
Y.n: 0.4
Z.a: 1.25980991953128
Z.b: 43.5329589867987
Z.n: 2
k: 0.0763972140461947
c1: 0.3
c2: 0.15
delta: 5
fit.offset: 0
fit.scale: 1
timeresolution: 0.01
