# Created: Wed Jun 20 15:41:33 2012
Y.a: 1.4765874977067
Y.b: 0.67805404913967
Y.n: 0.4
Z.a: 1.27669415451049
Z.b: 40.6623347136381
Z.n: 2
k: 0.152030533217187
c1: 0.3
c2: 0.15
delta: 5
fit.offset: 0
fit.scale: 1
timeresolution: 0.01
