# Created: Wed Sep 14 11:37:33 2011
Y.a: 1.40112482193982
Y.b: 0.5696742360196
Y.n: 0.4
Z.a: 1.27047427524915
Z.b: 42.850228707853
Z.n: 2
k: 0.133281072796226
c1: 0.3
c2: 0.15
delta: 5
fit.offset: 0
fit.scale: 1
timeresolution: 0.01
