# Created: Wed Sep 14 11:37:33 2011
Y.a: 1.32292117946701
Y.b: 0.467138527590407
Y.n: 0.4
Z.a: 1.28024369671557
Z.b: 42.8338577330786
Z.n: 2
k: 0.0999750070727856
c1: 0.3
c2: 0.15
delta: 5
fit.offset: 0
fit.scale: 1
timeresolution: 0.01
