# Created: Wed Sep 14 11:37:34 2011
Y.a: 1.4573342769024
Y.b: 0.451066635001513
Y.n: 0.4
Z.a: 1.31248043145684
Z.b: 41.4939844494409
Z.n: 2
k: 0.0897430201400116
c1: 0.3
c2: 0.15
delta: 5
fit.offset: 0
fit.scale: 1
timeresolution: 0.01
