# Created: Wed Jun 20 15:41:36 2012
Y.a: 1.34311769511763
Y.b: 0.492124201324761
Y.n: 0.4
Z.a: 1.24169129888026
Z.b: 43.7720919842948
Z.n: 2
k: 0.107022083771825
c1: 0.3
c2: 0.15
delta: 5
fit.offset: 0
fit.scale: 1
timeresolution: 0.01
