# Created: Wed Jun 20 15:41:34 2012
Y.a: 1.16776788743344
Y.b: 0.799291958588211
Y.n: 0.4
Z.a: 1.31925880808028
Z.b: 42.5704787373119
Z.n: 2
k: 0.177937714552266
c1: 0.3
c2: 0.15
delta: 5
fit.offset: 0
fit.scale: 1
timeresolution: 0.01
