# Created: Wed Jun 20 15:41:34 2012
Y.a: 1.32292117946701
Y.b: 0.817179887088049
Y.n: 0.4
Z.a: 1.27750848385565
Z.b: 43.0010878905186
Z.n: 2
k: 0.188192420323012
c1: 0.3
c2: 0.15
delta: 5
fit.offset: 0
fit.scale: 1
timeresolution: 0.01
