# Created: Wed Jun 20 15:41:33 2012
Y.a: 1.32292117946701
Y.b: 0.642381675813246
Y.n: 0.4
Z.a: 1.27264656241549
Z.b: 42.1312001549072
Z.n: 2
k: 0.143301936637233
c1: 0.3
c2: 0.15
delta: 5
fit.offset: 0
fit.scale: 1
timeresolution: 0.01
