# Created: Wed Jun 20 15:41:37 2012
Y.a: 0.934018622796203
Y.b: 0.71205731236766
Y.n: 0.4
Z.a: 1.24634901707392
Z.b: 45.1212513354854
Z.n: 2
k: 0.171553049594095
c1: 0.3
c2: 0.15
delta: 5
fit.offset: 0
fit.scale: 1
timeresolution: 0.01
