# Created: Wed Sep 14 11:37:33 2011
Y.a: 1.66372334552592
Y.b: 0.659609290131693
Y.n: 0.4
Z.a: 1.31757754634199
Z.b: 41.2686736338782
Z.n: 2
k: 0.133584207396629
c1: 0.3
c2: 0.15
delta: 5
fit.offset: 0
fit.scale: 1
timeresolution: 0.01
