# Created: Wed Jun 20 15:41:34 2012
Y.a: 1.32292117946701
Y.b: 0.521460559473937
Y.n: 0.4
Z.a: 1.31010872909149
Z.b: 43.2725511531826
Z.n: 2
k: 0.115790856239749
c1: 0.3
c2: 0.15
delta: 5
fit.offset: 0
fit.scale: 1
timeresolution: 0.01
