# Created: Wed Sep 14 11:37:33 2011
Y.a: 1.32292117946701
Y.b: 0.63941664910192
Y.n: 0.4
Z.a: 1.25404394099308
Z.b: 44.2520169038942
Z.n: 2
k: 0.147612730117771
c1: 0.3
c2: 0.15
delta: 5
fit.offset: 0
fit.scale: 1
timeresolution: 0.01
