# Created: Wed Jun 20 15:41:34 2012
Y.a: 1.57278376653053
Y.b: 0.580110221205667
Y.n: 0.4
Z.a: 1.25749522888331
Z.b: 43.4524816326363
Z.n: 2
k: 0.123367505446814
c1: 0.3
c2: 0.15
delta: 5
fit.offset: 0
fit.scale: 1
timeresolution: 0.01
