# Created: Wed Sep 14 11:37:33 2011
Y.a: 1.33703442125167
Y.b: 0.492915318913655
Y.n: 0.4
Z.a: 1.2521691507164
Z.b: 44.3652893619259
Z.n: 2
k: 0.110033081244288
c1: 0.3
c2: 0.15
delta: 5
fit.offset: 0
fit.scale: 1
timeresolution: 0.01
